```
+----------------------------------------------------------------------------------------------------------------------------------------------------------+
|state|other|character|exponent|eof|arithmetic_1|keyword|digit|relational|equality|assignment|dot|arithmetic_2|logical|space|double_quote|boolean|separator|
+-----+-----+---------+--------+---+------------+-------+-----+----------+--------+----------+---+------------+-------+-----+------------+-------+---------+
|  0  |     |    1    |    1   | 2 |      3     |   4   |  5  |     6    |    7   |     8    | 9 |      3     |   10  |  11 |     12     |   13  |    14   |
+-----+-----+---------+--------+---+------------+-------+-----+----------+--------+----------+---+------------+-------+-----+------------+-------+---------+
|  1  |     |    1    |    1   |   |            |       |  1  |          |        |          |   |            |       |     |            |       |         |
+-----+-----+---------+--------+---+------------+-------+-----+----------+--------+----------+---+------------+-------+-----+------------+-------+---------+
|  5  |     |         |   33   |   |            |       |  5  |          |        |          | 34|            |       |     |            |       |         |
+-----+-----+---------+--------+---+------------+-------+-----+----------+--------+----------+---+------------+-------+-----+------------+-------+---------+
|  9  |     |         |        |   |            |       |  29 |          |        |          |   |            |       |     |            |       |         |
+-----+-----+---------+--------+---+------------+-------+-----+----------+--------+----------+---+------------+-------+-----+------------+-------+---------+
|  11 |     |         |        |   |            |       |     |          |        |          |   |            |       |  11 |            |       |         |
+-----+-----+---------+--------+---+------------+-------+-----+----------+--------+----------+---+------------+-------+-----+------------+-------+---------+
|  12 |  12 |    15   |   16   | 17|     18     |       |  19 |    20    |   21   |    22    | 23|     24     |   25  |  26 |     27     |       |    28   |
+-----+-----+---------+--------+---+------------+-------+-----+----------+--------+----------+---+------------+-------+-----+------------+-------+---------+
|  15 |  12 |    15   |   16   | 17|     18     |       |  19 |    20    |   21   |    22    | 23|     24     |   25  |  26 |     27     |       |    28   |
+-----+-----+---------+--------+---+------------+-------+-----+----------+--------+----------+---+------------+-------+-----+------------+-------+---------+
|  16 |  12 |    15   |   16   | 17|     18     |       |  19 |    20    |   21   |    22    | 23|     24     |   25  |  26 |     27     |       |    28   |
+-----+-----+---------+--------+---+------------+-------+-----+----------+--------+----------+---+------------+-------+-----+------------+-------+---------+
|  17 |  12 |    15   |   16   | 17|     18     |       |  19 |    20    |   21   |    22    | 23|     24     |   25  |  26 |     27     |       |    28   |
+-----+-----+---------+--------+---+------------+-------+-----+----------+--------+----------+---+------------+-------+-----+------------+-------+---------+
|  18 |  12 |    15   |   16   | 17|     18     |       |  19 |    20    |   21   |    22    | 23|     24     |   25  |  26 |     27     |       |    28   |
+-----+-----+---------+--------+---+------------+-------+-----+----------+--------+----------+---+------------+-------+-----+------------+-------+---------+
|  19 |  12 |    15   |   16   | 17|     18     |       |  19 |    20    |   21   |    22    | 23|     24     |   25  |  26 |     27     |       |    28   |
+-----+-----+---------+--------+---+------------+-------+-----+----------+--------+----------+---+------------+-------+-----+------------+-------+---------+
|  20 |  12 |    15   |   16   | 17|     18     |       |  19 |    20    |   21   |    22    | 23|     24     |   25  |  26 |     27     |       |    28   |
+-----+-----+---------+--------+---+------------+-------+-----+----------+--------+----------+---+------------+-------+-----+------------+-------+---------+
|  21 |  12 |    15   |   16   | 17|     18     |       |  19 |    20    |   21   |    22    | 23|     24     |   25  |  26 |     27     |       |    28   |
+-----+-----+---------+--------+---+------------+-------+-----+----------+--------+----------+---+------------+-------+-----+------------+-------+---------+
|  22 |  12 |    15   |   16   | 17|     18     |       |  19 |    20    |   21   |    22    | 23|     24     |   25  |  26 |     27     |       |    28   |
+-----+-----+---------+--------+---+------------+-------+-----+----------+--------+----------+---+------------+-------+-----+------------+-------+---------+
|  23 |  12 |    15   |   16   | 17|     18     |       |  19 |    20    |   21   |    22    | 23|     24     |   25  |  26 |     27     |       |    28   |
+-----+-----+---------+--------+---+------------+-------+-----+----------+--------+----------+---+------------+-------+-----+------------+-------+---------+
|  24 |  12 |    15   |   16   | 17|     18     |       |  19 |    20    |   21   |    22    | 23|     24     |   25  |  26 |     27     |       |    28   |
+-----+-----+---------+--------+---+------------+-------+-----+----------+--------+----------+---+------------+-------+-----+------------+-------+---------+
|  25 |  12 |    15   |   16   | 17|     18     |       |  19 |    20    |   21   |    22    | 23|     24     |   25  |  26 |     27     |       |    28   |
+-----+-----+---------+--------+---+------------+-------+-----+----------+--------+----------+---+------------+-------+-----+------------+-------+---------+
|  26 |  12 |    15   |   16   | 17|     18     |       |  19 |    20    |   21   |    22    | 23|     24     |   25  |  26 |     27     |       |    28   |
+-----+-----+---------+--------+---+------------+-------+-----+----------+--------+----------+---+------------+-------+-----+------------+-------+---------+
|  28 |  12 |    15   |   16   | 17|     18     |       |  19 |    20    |   21   |    22    | 23|     24     |   25  |  26 |     27     |       |    28   |
+-----+-----+---------+--------+---+------------+-------+-----+----------+--------+----------+---+------------+-------+-----+------------+-------+---------+
|  29 |     |         |   30   |   |            |       |  29 |          |        |          |   |            |       |     |            |       |         |
+-----+-----+---------+--------+---+------------+-------+-----+----------+--------+----------+---+------------+-------+-----+------------+-------+---------+
|  30 |     |         |        |   |     31     |       |  32 |          |        |          |   |            |       |     |            |       |         |
+-----+-----+---------+--------+---+------------+-------+-----+----------+--------+----------+---+------------+-------+-----+------------+-------+---------+
|  31 |     |         |        |   |            |       |  32 |          |        |          |   |            |       |     |            |       |         |
+-----+-----+---------+--------+---+------------+-------+-----+----------+--------+----------+---+------------+-------+-----+------------+-------+---------+
|  32 |     |         |        |   |            |       |  32 |          |        |          |   |            |       |     |            |       |         |
+-----+-----+---------+--------+---+------------+-------+-----+----------+--------+----------+---+------------+-------+-----+------------+-------+---------+
|  33 |     |         |        |   |     35     |       |  36 |          |        |          |   |            |       |     |            |       |         |
+-----+-----+---------+--------+---+------------+-------+-----+----------+--------+----------+---+------------+-------+-----+------------+-------+---------+
|  34 |     |         |   33   |   |            |       |  29 |          |        |          |   |            |       |     |            |       |         |
+-----+-----+---------+--------+---+------------+-------+-----+----------+--------+----------+---+------------+-------+-----+------------+-------+---------+
|  35 |     |         |        |   |            |       |  36 |          |        |          |   |            |       |     |            |       |         |
+-----+-----+---------+--------+---+------------+-------+-----+----------+--------+----------+---+------------+-------+-----+------------+-------+---------+
|  36 |     |         |        |   |            |       |  36 |          |        |          |   |            |       |     |            |       |         |
+----------------------------------------------------------------------------------------------------------------------------------------------------------+```
