```
+----------------------------------------------------------------------------------------------------------------------------------------------------------+
|state|space|character|other|exponent|arithmetic_2|arithmetic_1|keyword|separator|relational|equality|assignment|boolean|logical|digit|double_quote|dot|eof|
+-----+-----+---------+-----+--------+------------+------------+-------+---------+----------+--------+----------+-------+-------+-----+------------+---+---+
|  0  |  1  |    2    |     |    2   |      3     |      3     |   4   |    5    |     6    |    7   |     8    |   9   |   10  |  11 |     12     | 13| 14|
+-----+-----+---------+-----+--------+------------+------------+-------+---------+----------+--------+----------+-------+-------+-----+------------+---+---+
|  1  |  1  |         |     |        |            |            |       |         |          |        |          |       |       |     |            |   |   |
+-----+-----+---------+-----+--------+------------+------------+-------+---------+----------+--------+----------+-------+-------+-----+------------+---+---+
|  2  |     |    2    |     |    2   |            |            |       |         |          |        |          |       |       |  2  |            |   |   |
+-----+-----+---------+-----+--------+------------+------------+-------+---------+----------+--------+----------+-------+-------+-----+------------+---+---+
|  11 |     |         |     |   32   |            |            |       |         |          |        |          |       |       |  11 |            | 33|   |
+-----+-----+---------+-----+--------+------------+------------+-------+---------+----------+--------+----------+-------+-------+-----+------------+---+---+
|  12 |  12 |    19   |  20 |   21   |     22     |     23     |       |    24   |    25    |   26   |    27    |       |   28  |  29 |     30     | 31|   |
+-----+-----+---------+-----+--------+------------+------------+-------+---------+----------+--------+----------+-------+-------+-----+------------+---+---+
|  13 |     |         |     |        |            |            |       |         |          |        |          |       |       |  15 |            |   |   |
+-----+-----+---------+-----+--------+------------+------------+-------+---------+----------+--------+----------+-------+-------+-----+------------+---+---+
|  15 |     |         |     |   16   |            |            |       |         |          |        |          |       |       |  15 |            |   |   |
+-----+-----+---------+-----+--------+------------+------------+-------+---------+----------+--------+----------+-------+-------+-----+------------+---+---+
|  16 |     |         |     |        |            |     17     |       |         |          |        |          |       |       |  18 |            |   |   |
+-----+-----+---------+-----+--------+------------+------------+-------+---------+----------+--------+----------+-------+-------+-----+------------+---+---+
|  17 |     |         |     |        |            |            |       |         |          |        |          |       |       |  18 |            |   |   |
+-----+-----+---------+-----+--------+------------+------------+-------+---------+----------+--------+----------+-------+-------+-----+------------+---+---+
|  18 |     |         |     |        |            |            |       |         |          |        |          |       |       |  18 |            |   |   |
+-----+-----+---------+-----+--------+------------+------------+-------+---------+----------+--------+----------+-------+-------+-----+------------+---+---+
|  19 |  12 |    19   |  20 |   21   |     22     |     23     |       |    24   |    25    |   26   |    27    |       |   28  |  29 |     30     | 31|   |
+-----+-----+---------+-----+--------+------------+------------+-------+---------+----------+--------+----------+-------+-------+-----+------------+---+---+
|  20 |  12 |    19   |  20 |   21   |     22     |     23     |       |    24   |    25    |   26   |    27    |       |   28  |  29 |     30     | 31|   |
+-----+-----+---------+-----+--------+------------+------------+-------+---------+----------+--------+----------+-------+-------+-----+------------+---+---+
|  21 |  12 |    19   |  20 |   21   |     22     |     23     |       |    24   |    25    |   26   |    27    |       |   28  |  29 |     30     | 31|   |
+-----+-----+---------+-----+--------+------------+------------+-------+---------+----------+--------+----------+-------+-------+-----+------------+---+---+
|  22 |  12 |    19   |  20 |   21   |     22     |     23     |       |    24   |    25    |   26   |    27    |       |   28  |  29 |     30     | 31|   |
+-----+-----+---------+-----+--------+------------+------------+-------+---------+----------+--------+----------+-------+-------+-----+------------+---+---+
|  23 |  12 |    19   |  20 |   21   |     22     |     23     |       |    24   |    25    |   26   |    27    |       |   28  |  29 |     30     | 31|   |
+-----+-----+---------+-----+--------+------------+------------+-------+---------+----------+--------+----------+-------+-------+-----+------------+---+---+
|  24 |  12 |    19   |  20 |   21   |     22     |     23     |       |    24   |    25    |   26   |    27    |       |   28  |  29 |     30     | 31|   |
+-----+-----+---------+-----+--------+------------+------------+-------+---------+----------+--------+----------+-------+-------+-----+------------+---+---+
|  25 |  12 |    19   |  20 |   21   |     22     |     23     |       |    24   |    25    |   26   |    27    |       |   28  |  29 |     30     | 31|   |
+-----+-----+---------+-----+--------+------------+------------+-------+---------+----------+--------+----------+-------+-------+-----+------------+---+---+
|  26 |  12 |    19   |  20 |   21   |     22     |     23     |       |    24   |    25    |   26   |    27    |       |   28  |  29 |     30     | 31|   |
+-----+-----+---------+-----+--------+------------+------------+-------+---------+----------+--------+----------+-------+-------+-----+------------+---+---+
|  27 |  12 |    19   |  20 |   21   |     22     |     23     |       |    24   |    25    |   26   |    27    |       |   28  |  29 |     30     | 31|   |
+-----+-----+---------+-----+--------+------------+------------+-------+---------+----------+--------+----------+-------+-------+-----+------------+---+---+
|  28 |  12 |    19   |  20 |   21   |     22     |     23     |       |    24   |    25    |   26   |    27    |       |   28  |  29 |     30     | 31|   |
+-----+-----+---------+-----+--------+------------+------------+-------+---------+----------+--------+----------+-------+-------+-----+------------+---+---+
|  29 |  12 |    19   |  20 |   21   |     22     |     23     |       |    24   |    25    |   26   |    27    |       |   28  |  29 |     30     | 31|   |
+-----+-----+---------+-----+--------+------------+------------+-------+---------+----------+--------+----------+-------+-------+-----+------------+---+---+
|  31 |  12 |    19   |  20 |   21   |     22     |     23     |       |    24   |    25    |   26   |    27    |       |   28  |  29 |     30     | 31|   |
+-----+-----+---------+-----+--------+------------+------------+-------+---------+----------+--------+----------+-------+-------+-----+------------+---+---+
|  32 |     |         |     |        |            |     34     |       |         |          |        |          |       |       |  35 |            |   |   |
+-----+-----+---------+-----+--------+------------+------------+-------+---------+----------+--------+----------+-------+-------+-----+------------+---+---+
|  33 |     |         |     |   32   |            |            |       |         |          |        |          |       |       |  15 |            |   |   |
+-----+-----+---------+-----+--------+------------+------------+-------+---------+----------+--------+----------+-------+-------+-----+------------+---+---+
|  34 |     |         |     |        |            |            |       |         |          |        |          |       |       |  35 |            |   |   |
+-----+-----+---------+-----+--------+------------+------------+-------+---------+----------+--------+----------+-------+-------+-----+------------+---+---+
|  35 |     |         |     |        |            |            |       |         |          |        |          |       |       |  35 |            |   |   |
+----------------------------------------------------------------------------------------------------------------------------------------------------------+```
