```
+----------------------------------------------------------------------------------------------------------------------------------------------------------+
|state|space|boolean|arithmetic_1|keyword|digit|relational|dot|equality|assignment|eof|separator|character|arithmetic_2|double_quote|other|exponent|logical|
+-----+-----+-------+------------+-------+-----+----------+---+--------+----------+---+---------+---------+------------+------------+-----+--------+-------+
|  0  |  1  |   2   |      3     |   4   |  5  |     6    | 7 |    8   |     9    | 10|    11   |    12   |      3     |     13     |     |   12   |   14  |
+-----+-----+-------+------------+-------+-----+----------+---+--------+----------+---+---------+---------+------------+------------+-----+--------+-------+
|  1  |  1  |       |            |       |     |          |   |        |          |   |         |         |            |            |     |        |       |
+-----+-----+-------+------------+-------+-----+----------+---+--------+----------+---+---------+---------+------------+------------+-----+--------+-------+
|  5  |     |       |            |       |  5  |          | 33|        |          |   |         |         |            |            |     |   34   |       |
+-----+-----+-------+------------+-------+-----+----------+---+--------+----------+---+---------+---------+------------+------------+-----+--------+-------+
|  7  |     |       |            |       |  29 |          |   |        |          |   |         |         |            |            |     |        |       |
+-----+-----+-------+------------+-------+-----+----------+---+--------+----------+---+---------+---------+------------+------------+-----+--------+-------+
|  12 |     |       |            |       |  12 |          |   |        |          |   |         |    12   |            |            |     |   12   |       |
+-----+-----+-------+------------+-------+-----+----------+---+--------+----------+---+---------+---------+------------+------------+-----+--------+-------+
|  13 |  13 |       |     15     |       |  16 |    17    | 18|   19   |    20    | 21|    22   |    23   |     24     |     25     |  26 |   27   |   28  |
+-----+-----+-------+------------+-------+-----+----------+---+--------+----------+---+---------+---------+------------+------------+-----+--------+-------+
|  15 |  13 |       |     15     |       |  16 |    17    | 18|   19   |    20    | 21|    22   |    23   |     24     |     25     |  26 |   27   |   28  |
+-----+-----+-------+------------+-------+-----+----------+---+--------+----------+---+---------+---------+------------+------------+-----+--------+-------+
|  16 |  13 |       |     15     |       |  16 |    17    | 18|   19   |    20    | 21|    22   |    23   |     24     |     25     |  26 |   27   |   28  |
+-----+-----+-------+------------+-------+-----+----------+---+--------+----------+---+---------+---------+------------+------------+-----+--------+-------+
|  17 |  13 |       |     15     |       |  16 |    17    | 18|   19   |    20    | 21|    22   |    23   |     24     |     25     |  26 |   27   |   28  |
+-----+-----+-------+------------+-------+-----+----------+---+--------+----------+---+---------+---------+------------+------------+-----+--------+-------+
|  18 |  13 |       |     15     |       |  16 |    17    | 18|   19   |    20    | 21|    22   |    23   |     24     |     25     |  26 |   27   |   28  |
+-----+-----+-------+------------+-------+-----+----------+---+--------+----------+---+---------+---------+------------+------------+-----+--------+-------+
|  19 |  13 |       |     15     |       |  16 |    17    | 18|   19   |    20    | 21|    22   |    23   |     24     |     25     |  26 |   27   |   28  |
+-----+-----+-------+------------+-------+-----+----------+---+--------+----------+---+---------+---------+------------+------------+-----+--------+-------+
|  20 |  13 |       |     15     |       |  16 |    17    | 18|   19   |    20    | 21|    22   |    23   |     24     |     25     |  26 |   27   |   28  |
+-----+-----+-------+------------+-------+-----+----------+---+--------+----------+---+---------+---------+------------+------------+-----+--------+-------+
|  21 |  13 |       |     15     |       |  16 |    17    | 18|   19   |    20    | 21|    22   |    23   |     24     |     25     |  26 |   27   |   28  |
+-----+-----+-------+------------+-------+-----+----------+---+--------+----------+---+---------+---------+------------+------------+-----+--------+-------+
|  22 |  13 |       |     15     |       |  16 |    17    | 18|   19   |    20    | 21|    22   |    23   |     24     |     25     |  26 |   27   |   28  |
+-----+-----+-------+------------+-------+-----+----------+---+--------+----------+---+---------+---------+------------+------------+-----+--------+-------+
|  23 |  13 |       |     15     |       |  16 |    17    | 18|   19   |    20    | 21|    22   |    23   |     24     |     25     |  26 |   27   |   28  |
+-----+-----+-------+------------+-------+-----+----------+---+--------+----------+---+---------+---------+------------+------------+-----+--------+-------+
|  24 |  13 |       |     15     |       |  16 |    17    | 18|   19   |    20    | 21|    22   |    23   |     24     |     25     |  26 |   27   |   28  |
+-----+-----+-------+------------+-------+-----+----------+---+--------+----------+---+---------+---------+------------+------------+-----+--------+-------+
|  26 |  13 |       |     15     |       |  16 |    17    | 18|   19   |    20    | 21|    22   |    23   |     24     |     25     |  26 |   27   |   28  |
+-----+-----+-------+------------+-------+-----+----------+---+--------+----------+---+---------+---------+------------+------------+-----+--------+-------+
|  27 |  13 |       |     15     |       |  16 |    17    | 18|   19   |    20    | 21|    22   |    23   |     24     |     25     |  26 |   27   |   28  |
+-----+-----+-------+------------+-------+-----+----------+---+--------+----------+---+---------+---------+------------+------------+-----+--------+-------+
|  28 |  13 |       |     15     |       |  16 |    17    | 18|   19   |    20    | 21|    22   |    23   |     24     |     25     |  26 |   27   |   28  |
+-----+-----+-------+------------+-------+-----+----------+---+--------+----------+---+---------+---------+------------+------------+-----+--------+-------+
|  29 |     |       |            |       |  29 |          |   |        |          |   |         |         |            |            |     |   30   |       |
+-----+-----+-------+------------+-------+-----+----------+---+--------+----------+---+---------+---------+------------+------------+-----+--------+-------+
|  30 |     |       |     31     |       |  32 |          |   |        |          |   |         |         |            |            |     |        |       |
+-----+-----+-------+------------+-------+-----+----------+---+--------+----------+---+---------+---------+------------+------------+-----+--------+-------+
|  31 |     |       |            |       |  32 |          |   |        |          |   |         |         |            |            |     |        |       |
+-----+-----+-------+------------+-------+-----+----------+---+--------+----------+---+---------+---------+------------+------------+-----+--------+-------+
|  32 |     |       |            |       |  32 |          |   |        |          |   |         |         |            |            |     |        |       |
+-----+-----+-------+------------+-------+-----+----------+---+--------+----------+---+---------+---------+------------+------------+-----+--------+-------+
|  33 |     |       |            |       |  29 |          |   |        |          |   |         |         |            |            |     |   34   |       |
+-----+-----+-------+------------+-------+-----+----------+---+--------+----------+---+---------+---------+------------+------------+-----+--------+-------+
|  34 |     |       |     35     |       |  36 |          |   |        |          |   |         |         |            |            |     |        |       |
+-----+-----+-------+------------+-------+-----+----------+---+--------+----------+---+---------+---------+------------+------------+-----+--------+-------+
|  35 |     |       |            |       |  36 |          |   |        |          |   |         |         |            |            |     |        |       |
+-----+-----+-------+------------+-------+-----+----------+---+--------+----------+---+---------+---------+------------+------------+-----+--------+-------+
|  36 |     |       |            |       |  36 |          |   |        |          |   |         |         |            |            |     |        |       |
+----------------------------------------------------------------------------------------------------------------------------------------------------------+```
